delta-sat with the following box:
	Sx_0_0 : [-0, 0];
	Sx_0_t : [100.0049884951352, 100.0059274751067];
	Sy_0_0 : [0, 0];
	Sy_0_t : [0.005196986114586364, 0.006145838278072684];
	mode_0 : [1, 1];
	t_0_0 : [0, 0];
	t_0_t : [4.51752087518907, 4.517565332181057];
	time_0 : [4.51752087518907, 4.517565332181057];
	v0_0_0 : [31.30670000000001, 31.30722408828736];
	v0_0_t : [31.30670000000001, 31.30722408828736]
